0.6815820173810371 0.6815820173810372 -0.26625534204141565
0.6572933844966511 0.5915640460469859 -0.46692331931641307
0.6026456792492882 0.4821165433994305 -0.6359102325507501
0.5234969918189907 0.3664478942732935 -0.7691988301727563
0.42763481354560684 0.2565808881273641 -0.8667725849907733
0.32411795502358687 0.1620589775117935 -0.9320324238132277
0.22251021065321272 0.08900408426128512 -0.9708591448505148
0.13207051349297413 0.03962115404789221 -0.9904481529174636
0.060968256110450016 0.012193651222089992 -0.9980652216246815
0.015590488811803152 0.0015590488811803144 -0.9998772454782613
-1.2246467991473532e-16 1.4997597826618576e-32 -1.0
0.015590488811803152 -0.0015590488811803144 -0.9998772454782613
0.060968256110450016 -0.012193651222089992 -0.9980652216246815
0.13207051349297413 -0.03962115404789221 -0.9904481529174636
0.22251021065321272 -0.08900408426128512 -0.9708591448505148
0.32411795502358687 -0.1620589775117935 -0.9320324238132277
0.42763481354560684 -0.2565808881273641 -0.8667725849907733
0.5234969918189907 -0.3664478942732935 -0.7691988301727563
0.6026456792492882 -0.4821165433994305 -0.6359102325507501
0.6572933844966511 -0.5915640460469859 -0.46692331931641307
0.6815820173810371 -0.6815820173810372 -0.26625534204141565
0.591564046046986 0.657293384496651 -0.46692331931641307
0.5344900986734549 0.5344900986734549 -0.6547065517008982
0.4471798194195695 0.39749317281739516 -0.80126736278688
0.33648339762617036 0.2617093092647991 -0.9045922620529596
0.21113612594274853 0.14075741729516567 -0.9672687763999634
0.08107064482442629 0.04503924712468128 -0.9956902212868185
-0.043373956840540996 -0.019277314151351563 -0.9988729073446256
-0.15228143675528277 -0.0507604789184276 -0.987032794693124
-0.2369577590447387 -0.05265727978771973 -0.9700918674609397
-0.2906343670862187 -0.03229270745402427 -0.9562891015345107
-0.3090169943749475 3.784366730434151e-17 -0.9510565162951535
-0.2906343670862187 0.03229270745402427 -0.9562891015345107
-0.2369577590447387 0.05265727978771973 -0.9700918674609397
-0.15228143675528277 0.0507604789184276 -0.987032794693124
-0.043373956840540996 0.019277314151351563 -0.9988729073446256
0.08107064482442629 -0.04503924712468128 -0.9956902212868185
0.21113612594274853 -0.14075741729516567 -0.9672687763999634
0.33648339762617036 -0.2617093092647991 -0.9045922620529596
0.4471798194195695 -0.39749317281739516 -0.80126736278688
0.5344900986734549 -0.5344900986734549 -0.6547065517008982
0.591564046046986 -0.657293384496651 -0.46692331931641307
0.48211654339943066 0.6026456792492881 -0.6359102325507501
0.3974931728173951 0.4471798194195696 -0.80126736278688
0.28361815772409044 0.2836181577240905 -0.9160357423258035
0.14801347940557835 0.1295117944798811 -0.9804686150024668
-9.797174393178826e-17 -7.347880794884119e-17 -1.0
-0.14999770602865722 -0.0937485662679108 -0.9842316264522553
-0.2912428490343486 -0.14562142451717436 -0.9455009273437782
-0.4135111237202275 -0.15506667139508534 -0.8971972347160256
-0.507882275495844 -0.1269705688739611 -0.8520176458718366
-0.5674344964721618 -0.07092931205902019 -0.8203579248743917
-0.5877852522924732 7.198293278059968e-17 -0.8090169943749473
-0.5674344964721618 0.07092931205902019 -0.8203579248743917
-0.507882275495844 0.1269705688739611 -0.8520176458718366
-0.4135111237202275 0.15506667139508534 -0.8971972347160256
-0.2912428490343486 0.14562142451717436 -0.9455009273437782
-0.14999770602865722 0.0937485662679108 -0.9842316264522553
-9.797174393178826e-17 7.347880794884119e-17 -1.0
0.14801347940557835 -0.1295117944798811 -0.9804686150024668
0.28361815772409044 -0.2836181577240905 -0.9160357423258035
0.3974931728173951 -0.4471798194195696 -0.80126736278688
0.48211654339943066 -0.6026456792492881 -0.6359102325507501
0.36644789427329366 0.5234969918189907 -0.7691988301727563
0.26170930926479913 0.33648339762617024 -0.9045922620529596
0.12951179447988106 0.14801347940557838 -0.9804686150024668
-0.02232290197944966 -0.022322901979449663 -0.999501563827907
-0.18430047925701895 -0.15797183936315917 -0.9700918674609397
-0.34593290698774914 -0.24709493356267798 -0.9051378445688044
-0.4965051844131417 -0.2837172482360808 -0.8203579248743917
-0.6258701916221265 -0.26823008212376853 -0.73235177768799
-0.7252089696922125 -0.2072025627692037 -0.6566117941827072
-0.7876960820013602 -0.11252801171448021 -0.6056998670788134
-0.8090169943749475 9.907600726170916e-17 -0.587785252292473
-0.7876960820013602 0.11252801171448021 -0.6056998670788134
-0.7252089696922125 0.2072025627692037 -0.6566117941827072
-0.6258701916221265 0.26823008212376853 -0.73235177768799
-0.4965051844131417 0.2837172482360808 -0.8203579248743917
-0.34593290698774914 0.24709493356267798 -0.9051378445688044
-0.18430047925701895 0.15797183936315917 -0.9700918674609397
-0.02232290197944966 0.022322901979449663 -0.999501563827907
0.12951179447988106 -0.14801347940557838 -0.9804686150024668
0.26170930926479913 -0.33648339762617024 -0.9045922620529596
0.36644789427329366 -0.5234969918189907 -0.7691988301727563
0.256580888127364 0.4276348135456069 -0.8667725849907733
0.14075741729516572 0.2111361259427485 -0.9672687763999634
-7.347880794884118e-17 -9.797174393178827e-17 -1.0
-0.15797183936315914 -0.18430047925701898 -0.9700918674609397
-0.32392960400325327 -0.3239296040032533 -0.8888977575067849
-0.4877741221060803 -0.4064784350884001 -0.7725617694474197
-0.6392519642482363 -0.42616797616549085 -0.6401076333678434
-0.7686950528933204 -0.3843475264466603 -0.5112581486604093
-0.8677261164860244 -0.28924203882867483 -0.4042158207471768
-0.9298748690335585 -0.1549791448389266 -0.33363781650888646
-0.9510565162951536 1.1647083184890926e-16 -0.30901699437494734
-0.9298748690335585 0.1549791448389266 -0.33363781650888646
-0.8677261164860244 0.28924203882867483 -0.4042158207471768
-0.7686950528933204 0.3843475264466603 -0.5112581486604093
-0.6392519642482363 0.42616797616549085 -0.6401076333678434
-0.4877741221060803 0.4064784350884001 -0.7725617694474197
-0.32392960400325327 0.3239296040032533 -0.8888977575067849
-0.15797183936315914 0.18430047925701898 -0.9700918674609397
-7.347880794884118e-17 9.797174393178827e-17 -1.0
0.14075741729516572 -0.2111361259427485 -0.9672687763999634
0.256580888127364 -0.4276348135456069 -0.8667725849907733
0.16205897751179343 0.32411795502358687 -0.9320324238132277
0.04503924712468126 0.0810706448244263 -0.9956902212868185
-0.09374856626791075 -0.14999770602865722 -0.9842316264522553
-0.24709493356267787 -0.3459329069877492 -0.9051378445688044
-0.4064784350884002 -0.4877741221060801 -0.7725617694474197
-0.5626400585724002 -0.5626400585724002 -0.6056998670788134
-0.7062245532973962 -0.5649796426379168 -0.4266671814478177
-0.8284403722442882 -0.497064223346573 -0.2580963143956407
-0.9216877193988965 -0.3686750877595587 -0.12070802614052878
-0.9801062593552042 -0.19602125187104066 -0.03110288069711953
-1.0 1.2246467991473532e-16 6.123233995736766e-17
-0.9801062593552042 0.19602125187104066 -0.03110288069711953
-0.9216877193988965 0.3686750877595587 -0.12070802614052878
-0.8284403722442882 0.497064223346573 -0.2580963143956407
-0.7062245532973962 0.5649796426379168 -0.4266671814478177
-0.5626400585724002 0.5626400585724002 -0.6056998670788134
-0.4064784350884002 0.4877741221060801 -0.7725617694474197
-0.24709493356267787 0.3459329069877492 -0.9051378445688044
-0.09374856626791075 0.14999770602865722 -0.9842316264522553
0.04503924712468126 -0.0810706448244263 -0.9956902212868185
0.16205897751179343 -0.32411795502358687 -0.9320324238132277
0.08900408426128507 0.22251021065321272 -0.9708591448505148
-0.019277314151351557 -0.043373956840541 -0.9988729073446256
-0.1456214245171743 -0.2912428490343486 -0.9455009273437782
-0.2837172482360809 -0.4965051844131416 -0.8203579248743917
-0.42616797616549096 -0.6392519642482362 -0.6401076333678434
-0.564979642637917 -0.7062245532973961 -0.4266671814478177
-0.6921047143181809 -0.692104714318181 -0.20489540950713916
-0.8 -0.6 6.123233995736766e-17
-0.8821566589543556 -0.44107832947717796 0.16507433576456065
-0.9335618435349603 -0.23339046088374024 0.2720131928125577
-0.9510565162951535 1.1647083184890923e-16 0.30901699437494745
-0.9335618435349603 0.23339046088374024 0.2720131928125577
-0.8821566589543556 0.44107832947717796 0.16507433576456065
-0.8 0.6 6.123233995736766e-17
-0.6921047143181809 0.692104714318181 -0.20489540950713916
-0.564979642637917 0.7062245532973961 -0.4266671814478177
-0.42616797616549096 0.6392519642482362 -0.6401076333678434
-0.2837172482360809 0.4965051844131416 -0.8203579248743917
-0.1456214245171743 0.2912428490343486 -0.9455009273437782
-0.019277314151351557 0.043373956840541 -0.9988729073446256
0.08900408426128507 -0.22251021065321272 -0.9708591448505148
0.03962115404789225 0.13207051349297413 -0.9904481529174636
-0.050760478918427575 -0.15228143675528277 -0.987032794693124
-0.1550666713950853 -0.4135111237202275 -0.8971972347160256
-0.2682300821237684 -0.6258701916221265 -0.73235177768799
-0.3843475264466602 -0.7686950528933204 -0.5112581486604093
-0.4970642233465728 -0.8284403722442883 -0.2580963143956407
-0.5999999999999999 -0.8000000000000002 6.123233995736766e-17
-0.6871858841512216 -0.6871858841512217 0.23569285361802453
-0.7534783111653321 -0.5023188741102215 0.42420064040036326
-0.794919567840816 -0.264973189280272 0.5457949153541205
-0.8090169943749475 9.907600726170916e-17 0.5877852522924731
-0.794919567840816 0.264973189280272 0.5457949153541205
-0.7534783111653321 0.5023188741102215 0.42420064040036326
-0.6871858841512216 0.6871858841512217 0.23569285361802453
-0.5999999999999999 0.8000000000000002 6.123233995736766e-17
-0.4970642233465728 0.8284403722442883 -0.2580963143956407
-0.3843475264466602 0.7686950528933204 -0.5112581486604093
-0.2682300821237684 0.6258701916221265 -0.73235177768799
-0.1550666713950853 0.4135111237202275 -0.8971972347160256
-0.050760478918427575 0.15228143675528277 -0.987032794693124
0.03962115404789225 -0.13207051349297413 -0.9904481529174636
0.012193651222090008 0.06096825611045001 -0.9980652216246815
-0.05265727978771969 -0.23695775904473873 -0.9700918674609397
-0.126970568873961 -0.507882275495844 -0.8520176458718366
-0.2072025627692036 -0.7252089696922125 -0.6566117941827072
-0.2892420388286747 -0.8677261164860245 -0.4042158207471768
-0.36867508775955854 -0.9216877193988965 -0.12070802614052878
-0.4410783294771778 -0.8821566589543556 0.16507433576456065
-0.5023188741102216 -0.753478311165332 0.42420064040036326
-0.5488386396535732 -0.5488386396535733 0.6305174821100763
-0.5779016055473247 -0.2889508027736625 0.7632412252245553
-0.5877852522924731 7.198293278059966e-17 0.8090169943749475
-0.5779016055473247 0.2889508027736625 0.7632412252245553
-0.5488386396535732 0.5488386396535733 0.6305174821100763
-0.5023188741102216 0.753478311165332 0.42420064040036326
-0.4410783294771778 0.8821566589543556 0.16507433576456065
-0.36867508775955854 0.9216877193988965 -0.12070802614052878
-0.2892420388286747 0.8677261164860245 -0.4042158207471768
-0.2072025627692036 0.7252089696922125 -0.6566117941827072
-0.126970568873961 0.507882275495844 -0.8520176458718366
-0.05265727978771969 0.23695775904473873 -0.9700918674609397
0.012193651222090008 -0.06096825611045001 -0.9980652216246815
0.001559048881180315 0.015590488811803152 -0.9998772454782613
-0.03229270745402428 -0.2906343670862187 -0.9562891015345107
-0.07092931205902021 -0.5674344964721618 -0.8203579248743917
-0.11252801171448006 -0.7876960820013603 -0.6056998670788134
-0.1549791448389264 -0.9298748690335585 -0.33363781650888646
-0.1960212518710409 -0.9801062593552041 -0.03110288069711953
-0.2333904608837401 -0.9335618435349603 0.2720131928125577
-0.2649731892802719 -0.7949195678408161 0.5457949153541205
-0.28895080277366236 -0.5779016055473247 0.7632412252245553
-0.3039253682608296 -0.30392536826082966 0.9029167963079644
-0.3090169943749474 3.78436673043415e-17 0.9510565162951535
-0.3039253682608296 0.30392536826082966 0.9029167963079644
-0.28895080277366236 0.5779016055473247 0.7632412252245553
-0.2649731892802719 0.7949195678408161 0.5457949153541205
-0.2333904608837401 0.9335618435349603 0.2720131928125577
-0.1960212518710409 0.9801062593552041 -0.03110288069711953
-0.1549791448389264 0.9298748690335585 -0.33363781650888646
-0.11252801171448006 0.7876960820013603 -0.6056998670788134
-0.07092931205902021 0.5674344964721618 -0.8203579248743917
-0.03229270745402428 0.2906343670862187 -0.9562891015345107
0.001559048881180315 -0.015590488811803152 -0.9998772454782613
7.498798913309288e-33 -1.2246467991473532e-16 -1.0
1.8921833652170756e-17 -0.3090169943749475 -0.9510565162951535
3.599146639029984e-17 -0.5877852522924732 -0.8090169943749473
4.953800363085458e-17 -0.8090169943749475 -0.587785252292473
5.823541592445463e-17 -0.9510565162951536 -0.30901699437494734
6.123233995736766e-17 -1.0 6.123233995736766e-17
5.823541592445462e-17 -0.9510565162951535 0.30901699437494745
4.953800363085458e-17 -0.8090169943749475 0.5877852522924731
3.599146639029983e-17 -0.5877852522924731 0.8090169943749475
1.892183365217075e-17 -0.3090169943749474 0.9510565162951535
0.0 0.0 1.0
1.892183365217075e-17 0.3090169943749474 0.9510565162951535
3.599146639029983e-17 0.5877852522924731 0.8090169943749475
4.953800363085458e-17 0.8090169943749475 0.5877852522924731
5.823541592445462e-17 0.9510565162951535 0.30901699437494745
6.123233995736766e-17 1.0 6.123233995736766e-17
5.823541592445463e-17 0.9510565162951536 -0.30901699437494734
4.953800363085458e-17 0.8090169943749475 -0.587785252292473
3.599146639029984e-17 0.5877852522924732 -0.8090169943749473
1.8921833652170756e-17 0.3090169943749475 -0.9510565162951535
7.498798913309288e-33 1.2246467991473532e-16 -1.0
-0.0015590488811803136 0.015590488811803152 -0.9998772454782613
0.032292707454024315 -0.2906343670862187 -0.9562891015345107
0.07092931205902028 -0.5674344964721618 -0.8203579248743917
0.11252801171447999 -0.7876960820013603 -0.6056998670788134
0.15497914483892633 -0.9298748690335585 -0.33363781650888646
0.1960212518710408 -0.9801062593552041 -0.03110288069711953
0.23339046088374 -0.9335618435349603 0.2720131928125577
0.264973189280272 -0.794919567840816 0.5457949153541205
0.2889508027736625 -0.5779016055473247 0.7632412252245553
0.30392536826082966 -0.3039253682608296 0.9029167963079644
0.3090169943749474 0.0 0.9510565162951535
0.30392536826082966 0.3039253682608296 0.9029167963079644
0.2889508027736625 0.5779016055473247 0.7632412252245553
0.264973189280272 0.794919567840816 0.5457949153541205
0.23339046088374 0.9335618435349603 0.2720131928125577
0.1960212518710408 0.9801062593552041 -0.03110288069711953
0.15497914483892633 0.9298748690335585 -0.33363781650888646
0.11252801171447999 0.7876960820013603 -0.6056998670788134
0.07092931205902028 0.5674344964721618 -0.8203579248743917
0.032292707454024315 0.2906343670862187 -0.9562891015345107
-0.0015590488811803136 -0.015590488811803152 -0.9998772454782613
-0.01219365122209 0.06096825611045001 -0.9980652216246815
0.05265727978771972 -0.2369577590447387 -0.9700918674609397
0.12697056887396094 -0.507882275495844 -0.8520176458718366
0.2072025627692035 -0.7252089696922125 -0.6566117941827072
0.2892420388286748 -0.8677261164860244 -0.4042158207471768
0.36867508775955865 -0.9216877193988965 -0.12070802614052878
0.4410783294771779 -0.8821566589543556 0.16507433576456065
0.5023188741102215 -0.7534783111653321 0.42420064040036326
0.5488386396535733 -0.5488386396535732 0.6305174821100763
0.5779016055473247 -0.28895080277366236 0.7632412252245553
0.5877852522924731 0.0 0.8090169943749475
0.5779016055473247 0.28895080277366236 0.7632412252245553
0.5488386396535733 0.5488386396535732 0.6305174821100763
0.5023188741102215 0.7534783111653321 0.42420064040036326
0.4410783294771779 0.8821566589543556 0.16507433576456065
0.36867508775955865 0.9216877193988965 -0.12070802614052878
0.2892420388286748 0.8677261164860244 -0.4042158207471768
0.2072025627692035 0.7252089696922125 -0.6566117941827072
0.12697056887396094 0.507882275495844 -0.8520176458718366
0.05265727978771972 0.2369577590447387 -0.9700918674609397
-0.01219365122209 -0.06096825611045001 -0.9980652216246815
-0.03962115404789224 0.13207051349297413 -0.9904481529174636
0.05076047891842759 -0.15228143675528277 -0.987032794693124
0.15506667139508534 -0.4135111237202275 -0.8971972347160256
0.26823008212376853 -0.6258701916221265 -0.73235177768799
0.38434752644666026 -0.7686950528933204 -0.5112581486604093
0.4970642233465729 -0.8284403722442882 -0.2580963143956407
0.6000000000000001 -0.7999999999999999 6.123233995736766e-17
0.6871858841512217 -0.6871858841512216 0.23569285361802453
0.7534783111653321 -0.5023188741102214 0.42420064040036326
0.794919567840816 -0.264973189280272 0.5457949153541205
0.8090169943749475 0.0 0.5877852522924731
0.794919567840816 0.264973189280272 0.5457949153541205
0.7534783111653321 0.5023188741102214 0.42420064040036326
0.6871858841512217 0.6871858841512216 0.23569285361802453
0.6000000000000001 0.7999999999999999 6.123233995736766e-17
0.4970642233465729 0.8284403722442882 -0.2580963143956407
0.38434752644666026 0.7686950528933204 -0.5112581486604093
0.26823008212376853 0.6258701916221265 -0.73235177768799
0.15506667139508534 0.4135111237202275 -0.8971972347160256
0.05076047891842759 0.15228143675528277 -0.987032794693124
-0.03962115404789224 -0.13207051349297413 -0.9904481529174636
-0.0890040842612851 0.22251021065321272 -0.9708591448505148
0.019277314151351553 -0.043373956840541 -0.9988729073446256
0.14562142451717433 -0.2912428490343486 -0.9455009273437782
0.2837172482360809 -0.4965051844131416 -0.8203579248743917
0.42616797616549085 -0.6392519642482363 -0.6401076333678434
0.5649796426379169 -0.7062245532973961 -0.4266671814478177
0.692104714318181 -0.6921047143181809 -0.20489540950713916
0.8 -0.6 6.123233995736766e-17
0.8821566589543556 -0.4410783294771778 0.16507433576456065
0.9335618435349603 -0.23339046088374008 0.2720131928125577
0.9510565162951535 0.0 0.30901699437494745
0.9335618435349603 0.23339046088374008 0.2720131928125577
0.8821566589543556 0.4410783294771778 0.16507433576456065
0.8 0.6 6.123233995736766e-17
0.692104714318181 0.6921047143181809 -0.20489540950713916
0.5649796426379169 0.7062245532973961 -0.4266671814478177
0.42616797616549085 0.6392519642482363 -0.6401076333678434
0.2837172482360809 0.4965051844131416 -0.8203579248743917
0.14562142451717433 0.2912428490343486 -0.9455009273437782
0.019277314151351553 0.043373956840541 -0.9988729073446256
-0.0890040842612851 -0.22251021065321272 -0.9708591448505148
-0.16205897751179346 0.32411795502358687 -0.9320324238132277
-0.04503924712468127 0.0810706448244263 -0.9956902212868185
0.09374856626791078 -0.14999770602865722 -0.9842316264522553
0.24709493356267792 -0.34593290698774914 -0.9051378445688044
0.40647843508840015 -0.48777412210608023 -0.7725617694474197
0.5626400585724002 -0.5626400585724002 -0.6056998670788134
0.7062245532973962 -0.5649796426379169 -0.4266671814478177
0.8284403722442882 -0.497064223346573 -0.2580963143956407
0.9216877193988965 -0.3686750877595586 -0.12070802614052878
0.9801062593552041 -0.19602125187104083 -0.03110288069711953
1.0 0.0 6.123233995736766e-17
0.9801062593552041 0.19602125187104083 -0.03110288069711953
0.9216877193988965 0.3686750877595586 -0.12070802614052878
0.8284403722442882 0.497064223346573 -0.2580963143956407
0.7062245532973962 0.5649796426379169 -0.4266671814478177
0.5626400585724002 0.5626400585724002 -0.6056998670788134
0.40647843508840015 0.48777412210608023 -0.7725617694474197
0.24709493356267792 0.34593290698774914 -0.9051378445688044
0.09374856626791078 0.14999770602865722 -0.9842316264522553
-0.04503924712468127 -0.0810706448244263 -0.9956902212868185
-0.16205897751179346 -0.32411795502358687 -0.9320324238132277
-0.25658088812736407 0.42763481354560684 -0.8667725849907733
-0.14075741729516567 0.21113612594274853 -0.9672687763999634
7.34788079488412e-17 -9.797174393178825e-17 -1.0
0.15797183936315912 -0.184300479257019 -0.9700918674609397
0.3239296040032533 -0.32392960400325327 -0.8888977575067849
0.48777412210608023 -0.40647843508840015 -0.7725617694474197
0.6392519642482363 -0.4261679761654908 -0.6401076333678434
0.7686950528933204 -0.3843475264466602 -0.5112581486604093
0.8677261164860244 -0.2892420388286748 -0.4042158207471768
0.9298748690335585 -0.15497914483892639 -0.33363781650888646
0.9510565162951536 0.0 -0.30901699437494734
0.9298748690335585 0.15497914483892639 -0.33363781650888646
0.8677261164860244 0.2892420388286748 -0.4042158207471768
0.7686950528933204 0.3843475264466602 -0.5112581486604093
0.6392519642482363 0.4261679761654908 -0.6401076333678434
0.48777412210608023 0.40647843508840015 -0.7725617694474197
0.3239296040032533 0.32392960400325327 -0.8888977575067849
0.15797183936315912 0.184300479257019 -0.9700918674609397
7.34788079488412e-17 9.797174393178825e-17 -1.0
-0.14075741729516567 -0.21113612594274853 -0.9672687763999634
-0.25658088812736407 -0.42763481354560684 -0.8667725849907733
-0.3664478942732935 0.5234969918189907 -0.7691988301727563
-0.26170930926479913 0.3364833976261703 -0.9045922620529596
-0.12951179447988106 0.14801347940557838 -0.9804686150024668
0.022322901979449663 -0.02232290197944966 -0.999501563827907
0.18430047925701898 -0.15797183936315912 -0.9700918674609397
0.34593290698774914 -0.24709493356267798 -0.9051378445688044
0.4965051844131416 -0.2837172482360809 -0.8203579248743917
0.6258701916221265 -0.26823008212376853 -0.73235177768799
0.7252089696922125 -0.20720256276920354 -0.6566117941827072
0.7876960820013603 -0.11252801171448006 -0.6056998670788134
0.8090169943749475 0.0 -0.587785252292473
0.7876960820013603 0.11252801171448006 -0.6056998670788134
0.7252089696922125 0.20720256276920354 -0.6566117941827072
0.6258701916221265 0.26823008212376853 -0.73235177768799
0.4965051844131416 0.2837172482360809 -0.8203579248743917
0.34593290698774914 0.24709493356267798 -0.9051378445688044
0.18430047925701898 0.15797183936315912 -0.9700918674609397
0.022322901979449663 0.02232290197944966 -0.999501563827907
-0.12951179447988106 -0.14801347940557838 -0.9804686150024668
-0.26170930926479913 -0.3364833976261703 -0.9045922620529596
-0.3664478942732935 -0.5234969918189907 -0.7691988301727563
-0.48211654339943055 0.6026456792492881 -0.6359102325507501
-0.3974931728173951 0.4471798194195696 -0.80126736278688
-0.2836181577240905 0.28361815772409044 -0.9160357423258035
-0.14801347940557838 0.1295117944798811 -0.9804686150024668
9.797174393178826e-17 -7.347880794884119e-17 -1.0
0.14999770602865722 -0.09374856626791078 -0.9842316264522553
0.2912428490343486 -0.1456214245171743 -0.9455009273437782
0.4135111237202275 -0.15506667139508534 -0.8971972347160256
0.507882275495844 -0.126970568873961 -0.8520176458718366
0.5674344964721618 -0.07092931205902023 -0.8203579248743917
0.5877852522924732 0.0 -0.8090169943749473
0.5674344964721618 0.07092931205902023 -0.8203579248743917
0.507882275495844 0.126970568873961 -0.8520176458718366
0.4135111237202275 0.15506667139508534 -0.8971972347160256
0.2912428490343486 0.1456214245171743 -0.9455009273437782
0.14999770602865722 0.09374856626791078 -0.9842316264522553
9.797174393178826e-17 7.347880794884119e-17 -1.0
-0.14801347940557838 -0.1295117944798811 -0.9804686150024668
-0.2836181577240905 -0.28361815772409044 -0.9160357423258035
-0.3974931728173951 -0.4471798194195696 -0.80126736278688
-0.48211654339943055 -0.6026456792492881 -0.6359102325507501
-0.591564046046986 0.657293384496651 -0.46692331931641307
-0.5344900986734549 0.5344900986734549 -0.6547065517008982
-0.4471798194195695 0.39749317281739516 -0.80126736278688
-0.3364833976261703 0.2617093092647991 -0.9045922620529596
-0.21113612594274853 0.14075741729516564 -0.9672687763999634
-0.0810706448244263 0.04503924712468127 -0.9956902212868185
0.043373956840541 -0.019277314151351557 -0.9988729073446256
0.15228143675528277 -0.05076047891842759 -0.987032794693124
0.2369577590447387 -0.05265727978771971 -0.9700918674609397
0.2906343670862187 -0.0322927074540243 -0.9562891015345107
0.3090169943749475 0.0 -0.9510565162951535
0.2906343670862187 0.0322927074540243 -0.9562891015345107
0.2369577590447387 0.05265727978771971 -0.9700918674609397
0.15228143675528277 0.05076047891842759 -0.987032794693124
0.043373956840541 0.019277314151351557 -0.9988729073446256
-0.0810706448244263 -0.04503924712468127 -0.9956902212868185
-0.21113612594274853 -0.14075741729516564 -0.9672687763999634
-0.3364833976261703 -0.2617093092647991 -0.9045922620529596
-0.4471798194195695 -0.39749317281739516 -0.80126736278688
-0.5344900986734549 -0.5344900986734549 -0.6547065517008982
-0.591564046046986 -0.657293384496651 -0.46692331931641307
-0.6815820173810372 0.6815820173810371 -0.26625534204141565
-0.6572933844966511 0.5915640460469859 -0.46692331931641307
-0.6026456792492882 0.48211654339943055 -0.6359102325507501
-0.5234969918189907 0.3664478942732935 -0.7691988301727563
-0.42763481354560684 0.2565808881273641 -0.8667725849907733
-0.32411795502358687 0.16205897751179343 -0.9320324238132277
-0.22251021065321272 0.08900408426128509 -0.9708591448505148
-0.13207051349297413 0.039621154047892244 -0.9904481529174636
-0.06096825611045001 0.012193651222090002 -0.9980652216246815
-0.015590488811803152 0.0015590488811803153 -0.9998772454782613
1.2246467991473532e-16 0.0 -1.0
-0.015590488811803152 -0.0015590488811803153 -0.9998772454782613
-0.06096825611045001 -0.012193651222090002 -0.9980652216246815
-0.13207051349297413 -0.039621154047892244 -0.9904481529174636
-0.22251021065321272 -0.08900408426128509 -0.9708591448505148
-0.32411795502358687 -0.16205897751179343 -0.9320324238132277
-0.42763481354560684 -0.2565808881273641 -0.8667725849907733
-0.5234969918189907 -0.3664478942732935 -0.7691988301727563
-0.6026456792492882 -0.48211654339943055 -0.6359102325507501
-0.6572933844966511 -0.5915640460469859 -0.46692331931641307
-0.6815820173810372 -0.6815820173810371 -0.26625534204141565